0 0 0.9850195333333334
0 1 0.9850185711090604
0 2 0.9850165801341746
0 3 0.9850124605322197
0 4 0.9850039365069359
0 5 0.9849862991216167
0 6 0.9849498049360016
0 7 0.9848742934268062
0 8 0.9847180496875677
0 9 0.9843947598167735
0 10 0.9837258284338745
0 11 0.982341717035865
0 12 0.9796404143114718
0 13 0.9748900417667448
0 14 0.9666088279409513
0 15 0.9503668594274908
0 16 0.921202938749099
0 17 0.8608587598788273
0 18 0.7519117237904631
0 19 0.5452289333333332
1 0 0.9850185711090604
1 1 0.9850176088847875
1 2 0.9850156179099017
1 3 0.9850114983079468
1 4 0.9850029742826629
1 5 0.9849853368973438
1 6 0.9849488427117287
1 7 0.9848733312025333
1 8 0.9847170874632948
1 9 0.9843937975925006
1 10 0.9837248662096015
1 11 0.9823407548115921
1 12 0.9796395590010069
1 13 0.9748892933700879
1 14 0.9666081864581025
1 15 0.9503663248584502
1 16 0.9212024041800583
1 17 0.8608582253097867
1 18 0.7519112961352308
1 19 0.5452285056781009
2 0 0.9850165801341746
2 1 0.9850156179099017
2 2 0.9850136269350158
2 3 0.9850095073330609
2 4 0.9850009833077771
2 5 0.984983345922458
2 6 0.9849468517368428
2 7 0.9848713402276474
2 8 0.9847150964884089
2 9 0.9843918066176147
2 10 0.9837228752347157
2 11 0.9823387638367063
2 12 0.9796377892455528
2 13 0.9748877448340656
2 14 0.966606859141512
2 15 0.9503652187612913
2 16 0.9212012980828995
2 17 0.8608571192126279
2 18 0.7519104112575036
2 19 0.5452276208003737
3 0 0.9850124605322197
3 1 0.9850114983079468
3 2 0.9850095073330609
3 3 0.985005387731106
3 4 0.9849968637058222
3 5 0.984979226320503
3 6 0.9849427321348879
3 7 0.9848672206256927
3 8 0.984710976886454
3 9 0.9843876870156598
3 10 0.9837187556327608
3 11 0.9823346442347515
3 12 0.9796341273771484
3 13 0.9748845406992119
3 14 0.9666041127402089
3 15 0.9503629300935387
3 16 0.9211990094151468
3 17 0.8608548305448752
3 18 0.7519085803233017
3 19 0.5452257898661718
4 0 0.9850039365069359
4 1 0.9850029742826629
4 2 0.9850009833077771
4 3 0.9849968637058222
4 4 0.9849883396805384
4 5 0.9849707022952192
4 6 0.9849342081096042
4 7 0.9848586966004088
4 8 0.9847024528611702
4 9 0.9843791629903761
4 10 0.983710231607477
4 11 0.9823261202094676
4 12 0.9796265504657851
4 13 0.9748779109017689
4 14 0.9665984300566862
4 15 0.9503581945239367
4 16 0.9211942738455448
4 17 0.8608500949752732
4 18 0.7519047918676198
4 19 0.5452220014104899
5 0 0.9849862991216167
5 1 0.9849853368973438
5 2 0.984983345922458
5 3 0.984979226320503
5 4 0.9849707022952192
5 5 0.9849530649099001
5 6 0.984916570724285
5 7 0.9848410592150896
5 8 0.9846848154758511
5 9 0.9843615256050569
5 10 0.9836925942221578
5 11 0.9823084828241484
5 12 0.979610872789946
5 13 0.9748641929354097
5 14 0.9665866717998067
5 15 0.950348395976537
5 16 0.9211844752981451
5 17 0.8608402964278735
5 18 0.7518969530297003
5 19 0.5452141625725704
6 0 0.9849498049360016
6 1 0.9849488427117287
6 2 0.9849468517368428
6 3 0.9849427321348879
6 4 0.9849342081096042
6 5 0.984916570724285
6 6 0.9848800765386699
6 7 0.9848045650294746
6 8 0.9846483212902359
6 9 0.9843250314194418
6 10 0.9836561000365427
6 11 0.9822719886385334
6 12 0.9795784335138437
6 13 0.9748358085688201
6 14 0.9665623423427302
6 15 0.950328121428973
6 16 0.9211642007505813
6 17 0.8608200218803097
6 18 0.7518807333916491
6 19 0.5451979429345193
7 0 0.9848742934268062
7 1 0.9848733312025333
7 2 0.9848713402276474
7 3 0.9848672206256927
7 4 0.9848586966004088
7 5 0.9848410592150896
7 6 0.9848045650294746
7 7 0.9847290535202792
7 8 0.9845728097810407
7 9 0.9842495199102465
7 10 0.9835805885273474
7 11 0.982196477129338
7 12 0.9795113121723367
7 13 0.9747770773950015
7 14 0.9665120013365999
7 15 0.9502861705905312
7 16 0.9211222499121393
7 17 0.8607780710418678
7 18 0.7518471727208956
7 19 0.5451643822637657
8 0 0.9847180496875677
8 1 0.9847170874632948
8 2 0.9847150964884089
8 3 0.984710976886454
8 4 0.9847024528611702
8 5 0.9846848154758511
8 6 0.9846483212902359
8 7 0.9845728097810407
8 8 0.984416566041802
8 9 0.984093276171008
8 10 0.9834243447881088
8 11 0.9820402333900995
8 12 0.9793724288485691
8 13 0.9746555544867049
8 14 0.9664078388437741
8 15 0.9501993685131765
8 16 0.9210354478347846
8 17 0.8606912689645131
8 18 0.7517777310590118
8 19 0.5450949406018819
9 0 0.9843947598167735
9 1 0.9843937975925006
9 2 0.9843918066176147
9 3 0.9843876870156598
9 4 0.9843791629903761
9 5 0.9843615256050569
9 6 0.9843250314194418
9 7 0.9842495199102465
9 8 0.984093276171008
9 9 0.9837699863002137
9 10 0.9831010549173147
9 11 0.9817169435193053
9 12 0.9790850600745298
9 13 0.9744041068094204
9 14 0.9661923122632446
9 15 0.950019763029402
9 16 0.9208558423510101
9 17 0.8605116634807386
9 18 0.7516340466719921
9 19 0.5449512562148622
10 0 0.9837258284338745
10 1 0.9837248662096015
10 2 0.9837228752347157
10 3 0.9837187556327608
10 4 0.983710231607477
10 5 0.9836925942221578
10 6 0.9836561000365427
10 7 0.9835805885273474
10 8 0.9834243447881088
10 9 0.9831010549173147
10 10 0.9824321235344156
10 11 0.9810480121364062
10 12 0.9784928142674031
10 13 0.9739206134861419
10 14 0.9657463580079786
10 15 0.949648134483347
10 16 0.9204842138049552
10 17 0.8601400349346835
10 18 0.751336743835148
10 19 0.5446539533780181
11 0 0.982341717035865
11 1 0.9823407548115921
11 2 0.9823387638367063
11 3 0.9823346442347515
11 4 0.9823261202094676
11 5 0.9823084828241484
11 6 0.9822719886385334
11 7 0.982196477129338
11 8 0.9820402333900995
11 9 0.9817169435193053
11 10 0.9810480121364062
11 11 0.9798058376933899
11 12 0.9774162831800626
11 13 0.9729978725541357
11 14 0.9648236170759724
11 15 0.948879183706675
11 16 0.9197152630282831
11 17 0.8593710841580116
11 18 0.7507215832138107
11 19 0.5440387927566808
12 0 0.9796404143114718
12 1 0.9796395590010069
12 2 0.9796377892455528
12 3 0.9796341273771484
12 4 0.9796265504657851
12 5 0.979610872789946
12 6 0.9795784335138437
12 7 0.9795113121723367
12 8 0.9793724288485691
12 9 0.9790850600745298
12 10 0.9784928142674031
12 11 0.9774162831800626
12 12 0.9751887917117423
12 13 0.9710885941527183
12 14 0.9629143386745551
12 15 0.9472881183721605
12 16 0.9181241976937686
12 17 0.8577800188234971
12 18 0.749448730946199
12 19 0.5427659404890692
13 0 0.9748900417667448
13 1 0.9748892933700879
13 2 0.9748877448340656
13 3 0.9748845406992119
13 4 0.9748779109017689
13 5 0.9748641929354097
13 6 0.9748358085688201
13 7 0.9747770773950015
13 8 0.9746555544867049
13 9 0.9744041068094204
13 10 0.9739206134861419
13 11 0.9729978725541357
13 12 0.9710885941527183
13 13 0.9671380335048956
13 14 0.9589637780267323
13 15 0.9439959844989751
13 16 0.9148320638205832
13 17 0.8544878849503117
13 18 0.7468150238476506
13 19 0.5401322333905207
14 0 0.9666088279409513
14 1 0.9666081864581025
14 2 0.966606859141512
14 3 0.9666041127402089
14 4 0.9665984300566862
14 5 0.9665866717998067
14 6 0.9665623423427302
14 7 0.9665120013365999
14 8 0.9664078388437741
14 9 0.9661923122632446
14 10 0.9657463580079786
14 11 0.9648236170759724
14 12 0.9629143386745551
14 13 0.9589637780267323
14 14 0.9512788243460296
14 15 0.9371841049338389
14 16 0.9080201842554471
14 17 0.8476760053851754
14 18 0.7413655201955418
14 19 0.5346827297384119
15 0 0.9503668594274908
15 1 0.9503663248584502
15 2 0.9503652187612913
15 3 0.9503629300935387
15 4 0.9503581945239367
15 5 0.950348395976537
15 6 0.950328121428973
15 7 0.9502861705905312
15 8 0.9501993685131765
15 9 0.950019763029402
15 10 0.949648134483347
15 11 0.948879183706675
15 12 0.9472881183721605
15 13 0.9439959844989751
15 14 0.9371841049338389
15 15 0.9230893855216482
15 16 0.8939254648432563
15 17 0.8335812859729848
15 18 0.7300897446657891
15 19 0.5234069542086592
16 0 0.921202938749099
16 1 0.9212024041800583
16 2 0.9212012980828995
16 3 0.9211990094151468
16 4 0.9211942738455448
16 5 0.9211844752981451
16 6 0.9211642007505813
16 7 0.9211222499121393
16 8 0.9210354478347846
16 9 0.9208558423510101
16 10 0.9204842138049552
16 11 0.9197152630282831
16 12 0.9181241976937686
16 13 0.9148320638205832
16 14 0.9080201842554471
16 15 0.8939254648432563
16 16 0.8647615441648644
16 17 0.8066469589023408
16 18 0.7067586081230757
16 19 0.5000758176659458
17 0 0.8608587598788273
17 1 0.8608582253097867
17 2 0.8608571192126279
17 3 0.8608548305448752
17 4 0.8608500949752732
17 5 0.8608402964278735
17 6 0.8608200218803097
17 7 0.8607780710418678
17 8 0.8606912689645131
17 9 0.8605116634807386
17 10 0.8601400349346835
17 11 0.8593710841580116
17 12 0.8577800188234971
17 13 0.8544878849503117
17 14 0.8476760053851754
17 15 0.8335812859729848
17 16 0.8066469589023408
17 17 0.7583716158061236
17 18 0.6584832650268583
17 19 0.45180047456972844
18 0 0.7519117237904632
18 1 0.7519112961352307
18 2 0.7519104112575037
18 3 0.7519085803233015
18 4 0.7519047918676198
18 5 0.7518969530297003
18 6 0.7518807333916491
18 7 0.7518471727208956
18 8 0.7517777310590119
18 9 0.7516340466719922
18 10 0.7513367438351481
18 11 0.7507215832138107
18 12 0.749448730946199
18 13 0.7468150238476506
18 14 0.7413655201955417
18 15 0.7300897446657891
18 16 0.7067586081230757
18 17 0.6584832650268583
18 18 0.5585949142475931
18 19 0.37456142617618077
19 0 0.5452289333333333
19 1 0.5452285056781009
19 2 0.5452276208003738
19 3 0.5452257898661717
19 4 0.5452220014104899
19 5 0.5452141625725704
19 6 0.5451979429345193
19 7 0.5451643822637657
19 8 0.545094940601882
19 9 0.5449512562148623
19 10 0.5446539533780183
19 11 0.5440387927566808
19 12 0.5427659404890692
19 13 0.5401322333905207
19 14 0.5346827297384118
19 15 0.5234069542086592
19 16 0.5000758176659458
19 17 0.45180047456972844
19 18 0.37456142617618077
19 19 0.22501866666666664
