0 0 0.19441953333333334
0 1 0.19441857110906033
0 2 0.19441658013417448
0 3 0.19441246053221964
0 4 0.19440393650693583
0 5 0.19438629912161676
0 6 0.1943498049360017
0 7 0.19427429342680635
0 8 0.1941180496875678
0 9 0.19379475981677355
0 10 0.19312582843387444
0 11 0.19174171703586515
0 12 0.18931764406693716
0 13 0.1864225000571875
0 14 0.18097299640507858
0 15 0.17212327710432965
0 16 0.16045770883297292
0 17 0.13632003728486425
0 18 0.10044393094761583
0 19 0.04877323333333336
1 0 0.19441857110906033
1 1 0.19441760888478732
1 2 0.19441561790990147
1 3 0.19441149830794663
1 4 0.19440297428266284
1 5 0.19438533689734375
1 6 0.1943488427117287
1 7 0.19427333120253334
1 8 0.19411708746329479
1 9 0.19379379759250054
1 10 0.19312486620960145
1 11 0.19174075481159214
1 12 0.1893170025840885
1 13 0.18642207240195502
1 14 0.18097256874984613
1 15 0.17212306327671345
1 16 0.1604574950053567
1 17 0.13631982345724805
1 18 0.10044382403380771
1 19 0.04877312641952524
2 0 0.19441658013417448
2 1 0.19441561790990147
2 2 0.19441362693501563
2 3 0.19440950733306078
2 4 0.19440098330777697
2 5 0.1943833459224579
2 6 0.19434685173684285
2 7 0.1942713402276475
2 8 0.19411509648840894
2 9 0.1937918066176147
2 10 0.19312287523471558
2 11 0.1917387638367063
2 12 0.18931567526749796
2 13 0.186421187524228
2 14 0.1809716838721191
2 15 0.1721226208378499
2 16 0.16045705256649317
2 17 0.1363193810183845
2 18 0.10044360281437596
2 19 0.04877290520009349
3 0 0.19441246053221964
3 1 0.19441149830794663
3 2 0.19440950733306078
3 3 0.19440538773110594
3 4 0.19439686370582215
3 5 0.19437922632050306
3 6 0.19434273213488804
3 7 0.19426722062569265
3 8 0.19411097688645412
3 9 0.19378768701565985
3 10 0.19311875563276076
3 11 0.19173464423475145
3 12 0.18931292886619472
3 13 0.18641935659002584
3 14 0.18096985293791693
3 15 0.17212170537074886
3 16 0.1604561370993921
3 17 0.13631846555128346
3 18 0.10044314508082541
3 19 0.04877244746654294
4 0 0.19440393650693583
4 1 0.19440297428266284
4 2 0.19440098330777697
4 3 0.19439686370582215
4 4 0.19438833968053834
4 5 0.19437070229521924
4 6 0.19433420810960422
4 7 0.19425869660040884
4 8 0.1941024528611703
4 9 0.19377916299037604
4 10 0.19311023160747695
4 11 0.19172612020946764
4 12 0.18930724618267217
4 13 0.18641556813434415
4 14 0.18096606448223523
4 15 0.17211981114290797
4 16 0.16045424287155124
4 17 0.13631657132344258
4 18 0.100442197966905
4 19 0.048771500352622524
5 0 0.19438629912161676
5 1 0.19438533689734375
5 2 0.1943833459224579
5 3 0.19437922632050306
5 4 0.19437070229521924
5 5 0.19435306490990018
5 6 0.19431657072428513
5 7 0.19424105921508977
5 8 0.1940848154758512
5 9 0.19376152560505697
5 10 0.19309259422215788
5 11 0.19170848282414857
5 12 0.1892954879257928
5 13 0.18640772929642455
5 14 0.18095822564431566
5 15 0.1721158917239482
5 16 0.16045032345259144
5 17 0.1363126519044828
5 18 0.10044023825742511
5 19 0.048769540643142636
6 0 0.1943498049360017
6 1 0.1943488427117287
6 2 0.19434685173684285
6 3 0.19434273213488804
6 4 0.19433420810960422
6 5 0.19431657072428513
6 6 0.1942800765386701
6 7 0.19420456502947472
6 8 0.1940483212902362
6 9 0.19372503141944192
6 10 0.19305610003654283
6 11 0.19167198863853352
6 12 0.1892711584687161
6 13 0.18639150965837342
6 14 0.18094200600626453
6 15 0.1721077819049226
6 16 0.16044221363356587
6 17 0.1363045420854572
6 18 0.10043618334791231
6 19 0.04876548573362984
7 0 0.19427429342680635
7 1 0.19427333120253334
7 2 0.1942713402276475
7 3 0.19426722062569265
7 4 0.19425869660040884
7 5 0.19424105921508977
7 6 0.19420456502947472
7 7 0.19412905352027934
7 8 0.1939728097810408
7 9 0.19364951991024654
7 10 0.19298058852734745
7 11 0.19159647712933817
7 12 0.18922081746258587
7 13 0.18635794898761995
7 14 0.18090844533551104
7 15 0.17209100156954588
7 16 0.16042543329818915
7 17 0.13628776175008048
7 18 0.10042779318022395
7 19 0.048757095565941475
8 0 0.1941180496875678
8 1 0.19411708746329479
8 2 0.19411509648840894
8 3 0.19411097688645412
8 4 0.1941024528611703
8 5 0.1940848154758512
8 6 0.1940483212902362
8 7 0.1939728097810408
8 8 0.19381656604180228
8 9 0.193493276171008
8 10 0.19282434478810892
8 11 0.1914402333900996
8 12 0.18911665496976016
8 13 0.18628850732573612
8 14 0.1808390036736272
8 15 0.172056280738604
8 16 0.16039071246724723
8 17 0.1362530409191386
8 18 0.100410432764753
8 19 0.04873973515047053
9 0 0.19379475981677355
9 1 0.19379379759250054
9 2 0.1937918066176147
9 3 0.19378768701565985
9 4 0.19377916299037604
9 5 0.19376152560505697
9 6 0.19372503141944192
9 7 0.19364951991024654
9 8 0.193493276171008
9 9 0.19316998630021373
9 10 0.19250105491731465
9 11 0.19112143127641956
9 12 0.18890112838923065
9 13 0.18614482293871648
9 14 0.18069531928660756
9 15 0.17198443854509415
9 16 0.1603188702737374
9 17 0.13618119872562875
9 18 0.10037451166799809
9 19 0.048703814053715606
10 0 0.19312582843387444
10 1 0.19312486620960145
10 2 0.19312287523471558
10 3 0.19311875563276076
10 4 0.19311023160747695
10 5 0.19309259422215788
10 6 0.19305610003654283
10 7 0.19298058852734745
10 8 0.19282434478810892
10 9 0.19250105491731465
10 10 0.19183212353441556
10 11 0.1905268256027315
10 12 0.18848122720042085
10 13 0.18584752010187242
10 14 0.1803980164497635
10 15 0.17183578712667213
10 16 0.16017021885531538
10 17 0.13603254730720674
10 18 0.10030018595878708
10 19 0.048629488344504604
11 0 0.19174171703586515
11 1 0.19174075481159214
11 2 0.1917387638367063
11 3 0.19173464423475145
11 4 0.19172612020946764
11 5 0.19170848282414857
11 6 0.19167198863853352
11 7 0.19159647712933817
11 8 0.1914402333900996
11 9 0.19112143127641956
11 10 0.1905268256027315
11 11 0.18944171160337575
11 12 0.18786606657908336
11 13 0.18523235948053496
11 14 0.17978285582842604
11 15 0.17152820681600336
11 16 0.15986263854464663
11 17 0.13572496699653797
11 18 0.10014639580345269
11 19 0.048475698189170226
12 0 0.18931764406693716
12 1 0.1893170025840885
12 2 0.18931567526749796
12 3 0.18931292886619472
12 4 0.18930724618267217
12 5 0.1892954879257928
12 6 0.1892711584687161
12 7 0.18922081746258587
12 8 0.18911665496976016
12 9 0.18890112838923065
12 10 0.18848122720042085
12 11 0.18786606657908336
12 12 0.1865932143114718
12 13 0.18395950721292337
12 14 0.17868516933727754
12 15 0.17089178068219757
12 16 0.15922621241084084
12 17 0.13508854086273217
12 18 0.0998281827365498
12 19 0.04815748512226733
13 0 0.1864225000571875
13 1 0.18642207240195502
13 2 0.186421187524228
13 3 0.18641935659002584
13 4 0.18641556813434415
13 5 0.18640772929642455
13 6 0.18639150965837342
13 7 0.18635794898761995
13 8 0.18628850732573612
13 9 0.18614482293871648
13 10 0.18584752010187242
13 11 0.18523235948053496
13 12 0.18395950721292337
13 13 0.18132580011437496
13 14 0.1767098890133662
13 15 0.1695749271329234
13 16 0.15790935886156665
13 17 0.133771687313458
13 18 0.09916975596191269
13 19 0.04749905834763021
14 0 0.18097299640507858
14 1 0.18097256874984613
14 2 0.1809716838721191
14 3 0.18096985293791693
14 4 0.18096606448223523
14 5 0.18095822564431566
14 6 0.18094200600626453
14 7 0.18090844533551104
14 8 0.1808390036736272
14 9 0.18069531928660756
14 10 0.1803980164497635
14 11 0.17978285582842604
14 12 0.17868516933727754
14 13 0.1767098890133662
14 14 0.17262276127428455
14 15 0.16685017530686896
14 16 0.1551846070355122
14 17 0.13104693548740357
14 18 0.09780738004888546
14 19 0.046136682434603
15 0 0.17212327710432965
15 1 0.17212306327671342
15 2 0.1721226208378499
15 3 0.17212170537074883
15 4 0.17211981114290797
15 5 0.17211589172394817
15 6 0.1721077819049226
15 7 0.17209100156954588
15 8 0.17205628073860396
15 9 0.17198443854509413
15 10 0.1718357871266721
15 11 0.17152820681600336
15 12 0.17089178068219757
15 13 0.16957492713292338
15 14 0.16685017530686894
15 15 0.1612122875419926
15 16 0.14954671927063587
15 17 0.1254090477225272
15 18 0.09498843616644731
15 19 0.043317738552164836
16 0 0.16045770883297292
16 1 0.1604574950053567
16 2 0.16045705256649317
16 3 0.1604561370993921
16 4 0.16045424287155124
16 5 0.16045032345259144
16 6 0.16044221363356587
16 7 0.16042543329818915
16 8 0.16039071246724723
16 9 0.1603188702737374
16 10 0.16017021885531538
16 11 0.15986263854464663
16 12 0.15922621241084084
16 13 0.15790935886156665
16 14 0.1551846070355122
16 15 0.14954671927063587
16 16 0.13788115099927914
16 17 0.11412773972558525
16 18 0.08915565203076894
16 19 0.03748495441648647
17 0 0.13632003728486425
17 1 0.13631982345724802
17 2 0.1363193810183845
17 3 0.13631846555128344
17 4 0.13631657132344258
17 5 0.13631265190448277
17 6 0.1363045420854572
17 7 0.13628776175008048
17 8 0.13625304091913856
17 9 0.13618119872562873
17 10 0.1360325473072067
17 11 0.13572496699653797
17 12 0.13508854086273217
17 13 0.13377168731345798
17 14 0.13104693548740354
17 15 0.1254090477225272
17 16 0.11412773972558525
17 17 0.10205890395153092
17 18 0.07708681625671461
17 19 0.02541611864243214
18 0 0.10044393094761583
18 1 0.10044382403380772
18 2 0.10044360281437596
18 3 0.10044314508082543
18 4 0.100442197966905
18 5 0.1004402382574251
18 6 0.10043618334791231
18 7 0.10042779318022395
18 8 0.10041043276475299
18 9 0.10037451166799807
18 10 0.10030018595878706
18 11 0.10014639580345269
18 12 0.0998281827365498
18 13 0.0991697559619127
18 14 0.09780738004888548
18 15 0.09498843616644731
18 16 0.08915565203076894
18 17 0.07708681625671461
18 18 0.0521147285618983
18 19 0.00044403094761582906
19 0 0.04877323333333336
19 1 0.04877312641952524
19 2 0.04877290520009349
19 3 0.04877244746654295
19 4 0.048771500352622524
19 5 0.04876954064314262
19 6 0.04876548573362984
19 7 0.048757095565941475
19 8 0.04873973515047052
19 9 0.048703814053715606
19 10 0.04862948834450459
19 11 0.048475698189170226
19 12 0.048157485122267335
19 13 0.04749905834763023
19 14 0.046136682434603
19 15 0.04331773855216484
19 16 0.03748495441648647
19 17 0.025416118642432144
19 18 0.00044403094761583475
19 19 -0.05122666666666664
